1332
1333
1605
1721
1925
1928
1963
2002
2501
2531
2801
2802
2914
3099
3101
3103
3402
3405
3407
3861
4021
4042
4061
4063
4151
4208
4272
4452
4502
4503
4506
4507
4519
4523
4543
4568
4578
4704
4751
4901
4902
4911
5020
5101
5108
5201
5202
5233
5301
5332
5333
5401
5411
5706
5711
5713
5801
5802
5901
6098
6113
6178
6301
6305
6366
6367
6473
6506
6701
6703
6724
6758
6762
6770
6773
6841
6857
6902
6952
6971
6976
7003
7012
7013
7186
7201
7202
7203
7211
7261
7267
7269
7270
7272
7731
7733
7735
7751
7762
7912
8001
8002
8028
8031
8035
8053
8267
8306
8308
8316
8331
8355
8411
8601
8604
8628
8630
8729
8750
8795
8804
9007
9020
9022
9101
9202
9301
9432
9433
9437
9501
9502
9503
9613
9766
9984
