	3987	
	4585	
	6090	
	7779	
	6040	
	2351	
	6618	
	9266	
	4571	
	7707	
	6232	
	3137	
	7325	
	4388	
	3993	
	4422	
	6255	
	8922	
	6045	
	3908	
	3773	
	6033	
	6548	
	6064	
	2489	
	3727	
	8925	
	3906	
	7036	
	6038	
	2122	
	6177	
	4380	
	6560	
	6198	
	1446	
	4425	
	6562	
	7041	
	3474	
	3195	
	9262	
	3929	
	3479	
	7046	
	4393	
	6577	
	7047	
	6172	
	3624	
	4420	
	3652	
	2148	
	4813	
	3565	
	7043	
	6556	
	3935	
	6079	
	8914	
	3967	
	6092	
	3498	
	4596	
	2150	
	3914	
	6072	
	7172	
	3998	
	4565	
	6553	
	3461	
	3559	
	4381	
	3623	
	3927	
	3267	
	4594	
	2586	
	3680	
	3653	
	7157	
	7330	
	6182	
	1447	
	4390	
	7183	
	6545	
	3979	
	3913	
	6555	
	3682	
	3996	
	4592	
	2160	
	3224	
	4397	
	3622	
	3960	
	7048	
	3135	
	6531	
	6046	
	3482	
	4391	
	6085	
	6572	
	7323	
	3917	
	6573	
	2334	
	6049	
	3990	
	3991	
	3646	
	7325	
	4427	
	4588	
	4399	
	3936	
	6552	
	6031	
	7829	
	4308	
	3976	
	9270	
	4597	
	2178	
	3999	
	6193	
	3930	
	6561	
	3931	
	4382	
	6575	
	9450	
	6094	
	6550	
	4389	
	7034	
	2158	
	4593	
	6027	
	3994	
	7033	
	3815	
	4824	
	4385	
	3664	
	3557	
	3691	
	4591	
	3496	
	6030	
	4424	
	6081	
	9467	
	3300	
	3689	
	3970	
	3237	
	3911	
	3969	
	3692	
	6034	
	4583	
	3900	
	6574	
	3698	
	3491	
	6026	
	6180	
	3695	
	3907	
	3995	
	3634	
	3905	
	2477	
	3985	
	6069	
	7320	
	7044	
	3416	
	3489	
	3138	
	6176	
	2121	
	6563	
	6067	
	3645	
	6095	
	3966	
	2497	
	6580	
	3923	
	6096	
	6579	
	3558	
	9271	
	7035	
	4387	
	3793	
	6187	
	2402	
	4394	
	3674	
	3182	
	3547	
	6086	
	6185	
	3671	
	6181	
	6192	
	3986	
	8789	
	9272	
	4384	
	4395	
	7039	
	6778	
	9279	
	3723	
	3904	
	4564	
	6039	
	5704	
	6627	
	6696	
	3477	
	2370	
	4575	
	7806	
	3133	
	3989	
	3063	
	3782	
	3556	
	4396	
	3566	
	3541	
	6554	
	6077	
	6558	
	3187	
	6567	
	3497	
	4428	
	3690	
	6029	
	7671	
	3418	
	4563	
	3446	
	3961	
	2385	
	6166	
	3185	
	3064	
	6568	
	3550	
	6190	
	6173	
	2438	
	3628	
	4586	
	4598	
	1436	
	7813	
	7037	
	3286	
	2342	
	3542	
	6195	
	3261	
	3359	
	6537	
