1401
1436
1446
1447
2121
2122
2148
2150
2158
2160
2178
2334
2342
2351
2370
2385
2402
2438
2477
2489
2497
2586
3063
3133
3135
3137
3138
3182
3185
3187
3195
3224
3237
3261
3267
3286
3300
3359
3416
3418
3446
3461
3474
3477
3479
3482
3489
3491
3496
3497
3498
3541
3542
3547
3550
3556
3557
3558
3559
3565
3566
3622
3623
3624
3628
3634
3645
3646
3652
3653
3664
3665
3671
3674
3680
3682
3689
3690
3691
3692
3695
3697
3698
3723
3727
3773
3782
3793
3815
3900
3904
3905
3906
3907
3908
3911
3913
3914
3917
3923
3927
3929
3930
3931
3935
3936
3960
3961
3966
3967
3969
3970
3976
3979
3984
3985
3986
3989
3990
3991
3993
3994
3995
3996
3998
3999
4308
4380
4381
4382
4384
4385
4387
4388
4389
4390
4391
4393
4394
4395
4396
4397
4399
4420
4422
4424
4425
4427
4428
4563
4564
4565
4571
4575
4583
4584
4585
4586
4588
4591
4592
4593
4594
4596
4597
4598
4813
4824
5704
6026
6027
6030
6031
6033
6034
6038
6039
6040
6045
6046
6049
6064
6067
6069
6072
6079
6081
6086
6090
6092
6094
6095
6096
6166
6172
6173
6176
6177
6180
6181
6182
6185
6190
6192
6193
6195
6198
6232
6255
6531
6537
6545
6548
6550
6552
6553
6554
6555
6556
6558
6560
6561
6562
6563
6567
6568
6572
6573
6574
6575
6577
6579
6580
6618
6627
6696
6697
7033
7034
7035
7036
7037
7038
7039
7041
7043
7044
7046
7047
7048
7157
7172
7183
7320
7323
7325
7326
7671
7707
7779
7806
7813
7829
8789
8914
8922
9262
9266
9270
9271
9272
9279
9450
9467
